110 300
1 2
2 3
3 4
4 5
5 6
6 7
7 8
8 9
9 10
10 11
11 12
12 13
13 14
14 15
15 16
16 17
17 18
18 19
19 20
20 21
21 22
22 23
23 24
24 25
25 26
26 27
27 28
28 29
29 30
30 31
31 32
32 33
33 34
34 35
35 36
36 37
37 38
38 39
39 40
40 41
41 42
42 43
43 44
44 45
45 46
46 47
47 48
48 49
49 50
50 51
51 52
52 53
53 54
54 55
55 56
56 57
57 58
58 59
59 60
60 61
61 62
62 63
63 64
64 65
65 66
66 67
67 68
68 69
69 70
70 71
71 72
72 73
73 74
74 75
75 76
76 77
77 78
78 79
79 80
80 81
81 82
82 83
83 84
84 85
85 86
86 87
87 88
88 89
89 90
90 91
91 92
92 93
93 94
94 95
95 96
96 97
97 98
98 99
99 100
44 96
97 82
56 42
15 87
36 83
64 89
15 47
87 58
90 45
64 11
63 52
64 1
45 5
43 14
45 61
57 28
63 89
83 6
93 71
6 98
88 81
28 22
80 55
0 15
79 22
26 17
70 94
99 90
57 15
28 43
23 2
43 86
44 38
61 26
77 38
19 67
41 17
72 0
67 21
95 25
42 46
41 22
12 12
80 92
87 69
71 8
46 63
1 14
93 91
29 15
34 70
87 0
0 76
97 11
36 68
66 93
67 30
95 7
52 79
1 75
35 39
2 24
39 82
73 56
71 32
54 54
6 5
81 93
56 59
79 31
76 93
75 45
5 43
22 70
97 57
48 75
0 33
67 51
7 91
75 92
98 30
87 29
74 4
63 69
52 30
75 94
92 28
23 51
73 97
6 97
73 71
56 54
5 73
64 23
67 64
46 39
20 65
69 34
55 94
24 85
79 7
87 0
51 71
20 10
7 24
47 26
33 32
5 3
78 90
55 21
12 45
62 53
87 32
26 32
69 42
1 3
3 0
24 88
50 6
30 44
23 58
42 30
85 56
98 48
21 64
61 53
7 34
66 24
8 46
89 45
48 29
29 90
31 51
57 53
98 81
91 39
21 73
81 34
34 7
23 79
85 55
89 36
12 44
90 8
5 20
1 31
74 53
56 31
84 5
38 65
56 34
59 30
16 78
85 40
20 50
5 60
96 5
49 47
7 9
81 91
23 12
65 83
66 97
54 73
38 2
89 92
22 94
24 48
89 38
40 9
21 61
18 98
97 18
79 19
10 4
68 12
95 33
82 85
58 13
16 36
29 96
42 5
53 3
94 67
28 94
7 34
32 50
20 25
44 29
85 99
63 55
40 53
38 11
24 23
11 96
44 40
97 40
44 39
6 3
97 38
