110
2 43 2 72 2 79 -1
3 70 3 55 3 39 -1
4 1 4 41 4 40 4 5 4 25 4 95 4 4 4 42 4 54 -1
5 55 5 98 -1
6 60 6 33 6 26 6 17 6 44 6 76 6 91 6 10 -1
7 18 7 54 7 3 7 95 7 75 7 73 7 52 7 13 7 43 -1
8 54 8 81 8 56 8 77 8 76 8 59 8 20 8 29 8 39 -1
9 28 9 46 9 35 -1
10 72 10 50 10 5 10 49 10 40 10 15 -1
11 59 11 69 11 83 11 53 11 43 -1
12 4 12 56 12 0 12 54 12 9 12 81 12 11 12 87 12 56 -1
13 6 13 86 13 7 13 78 -1
14 53 14 14 14 75 14 24 14 65 14 80 -1
15 6 15 96 15 53 15 63 15 64 15 37 15 16 15 9 15 93 -1
16 63 16 91 16 74 16 73 16 71 16 84 16 59 16 29 16 51 -1
17 16 17 56 -1
18 29 -1
19 55 19 6 19 32 19 19 19 86 19 4 -1
20 81 20 58 20 87 20 47 20 93 20 2 20 54 20 85 20 21 -1
21 77 21 93 21 87 21 50 21 76 21 47 -1
22 29 22 10 22 93 22 83 22 53 22 21 22 92 22 9 22 27 -1
23 29 23 13 23 30 23 51 23 92 23 86 23 37 23 38 -1
24 40 -1
25 65 25 61 25 8 25 41 25 55 -1
27 31 27 44 27 67 -1
28 52 28 59 28 44 28 6 -1
29 35 -1
30 9 30 61 30 40 30 20 30 89 -1
31 14 31 74 31 30 31 52 31 53 31 70 31 44 31 19 -1
32 52 32 59 32 83 32 48 32 51 -1
33 90 33 20 33 73 33 43 33 79 33 17 33 47 33 59 -1
35 67 35 12 35 0 35 87 -1
36 92 36 0 36 74 36 21 36 51 36 29 36 89 -1
37 46 37 20 37 46 37 6 37 2 37 92 37 56 37 16 37 84 -1
38 87 38 26 -1
39 3 39 72 39 13 39 56 39 32 39 80 39 66 -1
40 66 40 67 40 23 40 67 40 40 40 44 40 19 40 69 40 34 -1
41 15 -1
42 59 42 21 42 53 42 52 42 75 42 69 42 35 42 50 -1
43 60 43 2 43 59 43 33 43 15 43 14 -1
45 80 45 95 45 60 45 46 45 20 45 26 -1
46 62 46 45 46 55 -1
47 56 47 70 47 48 -1
48 92 48 2 48 67 48 66 48 69 48 1 48 18 48 26 48 61 -1
49 83 49 92 49 33 49 97 49 56 49 27 -1
50 51 50 85 -1
51 69 51 13 51 12 51 32 51 56 -1
52 28 52 12 52 39 52 77 52 26 52 30 52 77 52 93 -1
53 46 -1
54 13 54 70 -1
55 31 55 54 55 47 55 64 55 52 55 2 55 89 55 29 55 51 -1
56 53 56 21 56 85 56 63 56 52 56 40 56 32 -1
57 52 57 69 57 56 57 79 57 0 57 35 -1
59 81 59 65 59 7 59 52 59 20 -1
60 5 60 65 60 2 60 57 60 65 60 89 60 84 60 18 -1
61 39 61 37 61 50 61 1 61 89 61 89 -1
62 71 62 42 62 1 -1
64 98 64 61 -1
65 94 65 41 65 58 -1
66 91 66 76 66 38 66 96 -1
67 40 67 52 67 7 67 29 67 38 67 25 67 93 67 75 67 60 -1
68 76 68 51 68 33 68 9 68 21 68 75 68 10 68 47 68 96 -1
69 10 69 89 69 3 -1
70 46 70 3 70 44 70 24 -1
72 66 72 80 72 92 72 73 72 10 72 31 -1
73 2 73 5 73 58 -1
74 81 74 8 74 76 74 88 74 29 74 51 -1
75 76 75 48 75 8 75 84 75 36 75 11 75 35 75 82 75 14 -1
76 7 76 53 76 17 76 72 76 34 76 10 76 44 76 44 -1
77 42 77 47 77 44 77 98 77 90 77 25 77 5 77 68 -1
78 34 78 20 78 12 78 9 -1
79 20 79 94 79 3 79 29 -1
80 83 80 43 80 6 80 91 80 97 80 23 80 62 80 30 80 32 -1
81 75 81 71 81 47 81 21 81 15 81 46 81 12 81 38 -1
82 78 -1
83 83 83 98 83 63 83 93 83 63 83 81 -1
84 66 -1
85 15 85 51 85 53 85 21 85 41 85 51 85 42 85 4 85 82 -1
86 11 86 56 86 45 86 59 86 77 86 58 86 4 -1
87 96 87 54 87 67 87 47 87 36 87 64 -1
88 28 88 29 88 91 88 15 88 93 88 2 -1
89 43 89 55 89 47 -1
90 6 90 88 90 86 90 86 90 63 90 96 -1
92 54 92 17 92 65 92 56 92 5 92 60 92 9 92 70 92 7 -1
93 34 93 16 93 74 93 63 93 6 93 88 -1
94 8 94 15 94 97 94 62 94 63 94 80 94 66 94 52 94 68 -1
95 14 95 63 95 94 -1
96 18 96 12 96 85 96 72 96 15 96 45 96 82 -1
97 52 97 29 97 21 97 66 97 2 97 82 97 73 97 90 -1
98 79 98 7 98 34 98 40 98 68 98 16 98 7 98 19 -1
99 58 99 33 99 46 -1
100 53 100 62 -1
101 38 -1
102 77 102 83 102 16 102 62 102 34 -1
103 81 -1
104 44 -1
106 35 106 98 106 53 106 40 -1
107 91 107 7 107 48 107 0 107 26 107 31 -1
108 58 108 75 108 9 108 12 108 36 108 70 108 48 108 69 -1
109 32 109 84 109 9 109 66 109 26 -1
110 66 110 70 110 51 110 39 110 5 110 49 110 92 110 43 110 81 -1
110
2 43 2 72 2 79 -1
3 70 3 55 3 39 -1
4 1 4 41 4 40 4 5 4 25 4 95 4 4 4 42 4 54 -1
5 55 5 98 -1
6 60 6 33 6 26 6 17 6 44 6 76 6 91 6 10 -1
7 18 7 54 7 3 7 95 7 75 7 73 7 52 7 13 7 43 -1
8 54 8 81 8 56 8 77 8 76 8 59 8 20 8 29 8 39 -1
9 28 9 46 9 35 -1
10 72 10 50 10 5 10 49 10 40 10 15 -1
11 59 11 69 11 83 11 53 11 43 -1
12 4 12 56 12 0 12 54 12 9 12 81 12 11 12 87 12 56 -1
13 6 13 86 13 7 13 78 -1
14 53 14 14 14 75 14 24 14 65 14 80 -1
15 6 15 96 15 53 15 63 15 64 15 37 15 16 15 9 15 93 -1
16 63 16 91 16 74 16 73 16 71 16 84 16 59 16 29 16 51 -1
17 16 17 56 -1
18 29 -1
19 55 19 6 19 32 19 19 19 86 19 4 -1
20 81 20 58 20 87 20 47 20 93 20 2 20 54 20 85 20 21 -1
21 77 21 93 21 87 21 50 21 76 21 47 -1
22 29 22 10 22 93 22 83 22 53 22 21 22 92 22 9 22 27 -1
23 29 23 13 23 30 23 51 23 92 23 86 23 37 23 38 -1
24 40 -1
25 65 25 61 25 8 25 41 25 55 -1
27 31 27 44 27 67 -1
28 52 28 59 28 44 28 6 -1
29 35 -1
30 9 30 61 30 40 30 20 30 89 -1
31 14 31 74 31 30 31 52 31 53 31 70 31 44 31 19 -1
32 52 32 59 32 83 32 48 32 51 -1
33 90 33 20 33 73 33 43 33 79 33 17 33 47 33 59 -1
35 67 35 12 35 0 35 87 -1
36 92 36 0 36 74 36 21 36 51 36 29 36 89 -1
37 46 37 20 37 46 37 6 37 2 37 92 37 56 37 16 37 84 -1
38 87 38 26 -1
39 3 39 72 39 13 39 56 39 32 39 80 39 66 -1
40 66 40 67 40 23 40 67 40 40 40 44 40 19 40 69 40 34 -1
41 15 -1
42 59 42 21 42 53 42 52 42 75 42 69 42 35 42 50 -1
43 60 43 2 43 59 43 33 43 15 43 14 -1
45 80 45 95 45 60 45 46 45 20 45 26 -1
46 62 46 45 46 55 -1
47 56 47 70 47 48 -1
48 92 48 2 48 67 48 66 48 69 48 1 48 18 48 26 48 61 -1
49 83 49 92 49 33 49 97 49 56 49 27 -1
50 51 50 85 -1
51 69 51 13 51 12 51 32 51 56 -1
52 28 52 12 52 39 52 77 52 26 52 30 52 77 52 93 -1
53 46 -1
54 13 54 70 -1
55 31 55 54 55 47 55 64 55 52 55 2 55 89 55 29 55 51 -1
56 53 56 21 56 85 56 63 56 52 56 40 56 32 -1
57 52 57 69 57 56 57 79 57 0 57 35 -1
59 81 59 65 59 7 59 52 59 20 -1
60 5 60 65 60 2 60 57 60 65 60 89 60 84 60 18 -1
61 39 61 37 61 50 61 1 61 89 61 89 -1
62 71 62 42 62 1 -1
64 98 64 61 -1
65 94 65 41 65 58 -1
66 91 66 76 66 38 66 96 -1
67 40 67 52 67 7 67 29 67 38 67 25 67 93 67 75 67 60 -1
68 76 68 51 68 33 68 9 68 21 68 75 68 10 68 47 68 96 -1
69 10 69 89 69 3 -1
70 46 70 3 70 44 70 24 -1
72 66 72 80 72 92 72 73 72 10 72 31 -1
73 2 73 5 73 58 -1
74 81 74 8 74 76 74 88 74 29 74 51 -1
75 76 75 48 75 8 75 84 75 36 75 11 75 35 75 82 75 14 -1
76 7 76 53 76 17 76 72 76 34 76 10 76 44 76 44 -1
77 42 77 47 77 44 77 98 77 90 77 25 77 5 77 68 -1
78 34 78 20 78 12 78 9 -1
79 20 79 94 79 3 79 29 -1
80 83 80 43 80 6 80 91 80 97 80 23 80 62 80 30 80 32 -1
81 75 81 71 81 47 81 21 81 15 81 46 81 12 81 38 -1
82 78 -1
83 83 83 98 83 63 83 93 83 63 83 81 -1
84 66 -1
85 15 85 51 85 53 85 21 85 41 85 51 85 42 85 4 85 82 -1
86 11 86 56 86 45 86 59 86 77 86 58 86 4 -1
87 96 87 54 87 67 87 47 87 36 87 64 -1
88 28 88 29 88 91 88 15 88 93 88 2 -1
89 43 89 55 89 47 -1
90 6 90 88 90 86 90 86 90 63 90 96 -1
92 54 92 17 92 65 92 56 92 5 92 60 92 9 92 70 92 7 -1
93 34 93 16 93 74 93 63 93 6 93 88 -1
94 8 94 15 94 97 94 62 94 63 94 80 94 66 94 52 94 68 -1
95 14 95 63 95 94 -1
96 18 96 12 96 85 96 72 96 15 96 45 96 82 -1
97 52 97 29 97 21 97 66 97 2 97 82 97 73 97 90 -1
98 79 98 7 98 34 98 40 98 68 98 16 98 7 98 19 -1
99 58 99 33 99 46 -1
100 53 100 62 -1
101 38 -1
102 77 102 83 102 16 102 62 102 34 -1
103 81 -1
104 44 -1
106 35 106 98 106 53 106 40 -1
107 91 107 7 107 48 107 0 107 26 107 31 -1
108 58 108 75 108 9 108 12 108 36 108 70 108 48 108 69 -1
109 32 109 84 109 9 109 66 109 26 -1
110 66 110 70 110 51 110 39 110 5 110 49 110 92 110 43 110 81 -1
